Instance: euro-night-0000015.instance
0	290	4982
1	340	386
2	1568	560
3	1788	228
4	3472	2168
5	3796	4504
6	5234	3822
7	6052	4696
8	6400	2798
9	6490	2670
10	7050	2248
11	7142	4396
12	7798	6660
13	8244	4734
14	9582	2104

Max Area: 
Cost: 37961104
Polygonisation: 0 1 2 4 3 14 13 11 10 5 6 8 7 9 12

Min Area:
Cost:  7107334
Polygonisation: 0 5 7 4 2 1 3 6 9 10 8 11 14 12 13 

------------------------------------------------------------
Instance: euro-night-0000020.instance
0	2102	5260
1	2420	354
2	3906	4366
3	5184	2922
4	5346	4176
5	5550	4142
6	5796	2822
7	6384	2302
8	7084	2732
9	7426	394
10	7672	6734
11	7904	920
12	8124	4912
13	8396	3542
14	8846	1814
15	9216	2630
16	9792	4640
17	10188	4142
18	11108	3318
19	12110	496

Max Area:
Cost: 43453166
Polygonisation: 0 1 9 19 18 17 14 15 13 8 11 3 2 6 4 12 5 7 16 10

Min Area:
Cost:  6703352
Polygonisation: 0 2 4 3 7 1 17 9 19 11 14 15 18 16 12 10 13 8 6 5
------------------------------------------------------------
Instance: stars-0000015.instance
0	30582	493400
1	86200	616060
2	145248	473516
3	175356	396994
4	182082	346046
5	232318	445888
6	291594	282504
7	292740	284418
8	321224	93714
9	345956	461670
10	387544	107996
11	388192	550434
12	389492	462272
13	553908	196832
14	555106	200720

Max Area:
Cost: 142470465062
Polygonisation: 0 8 10 13 6 4 2 9 12 5 3 7 14 11 1

Min Area:
Cost:  29776831822
Polygonisation: 0 4 6 8 7 10 5 12 13 14 11 9 2 1 3
